half_wave0.1m.txt
north: 13.2
south: -0.2
east: 43.3
west: 0.05
rows: 134
cols: 432
[rows 0 to 28 of 134, columns 330 to 395 of 432]
0.995275 0.99555 0.9949 0.994525 0.993833 0.994325 0.993875 0.994825 0.9931 0.9928 0.992875 0.9928 0.9921 0.9917 0.9923 0.992725 0.992575 0.992325 0.9921 0.99245 0.992125 0.991275 0.9918 0.993225 0.991625 0.99115 0.99125 0.991475 0.991525 0.9932 0.9919 0.991925 0.9919 0.991775 0.99145 0.991525 0.991625 0.9917 0.9917 0.99275 0.9936 0.994725 0.99475 0.9939 0.99355 0.99325 0.9925 0.992575 0.992175 0.990025 0.988325 0.987925 0.987175 0.986575 0.986675 0.9874 0.985575 0.985875 0.985475 0.984775 0.98505 0.98515 0.98465 0.9845 0.9843 0.98505
0.99595 0.995725 0.998775 0.99545 0.99485 0.994925 0.994425 0.9964 0.9933 0.99345 0.993275 0.993525 0.992975 0.992375 0.992775 0.9959 0.993075 0.993425 0.9936 0.993925 0.993425 0.993075 0.9929 0.993125 0.994175 0.99295 0.9925 0.992725 0.993 0.99405 0.99275 0.99325 0.9926 0.992425 0.992125 0.991725 0.9924 0.993025 0.9943 0.992975 0.9936 0.994775 0.9956 0.99535 0.9946 0.994875 0.99385 0.9951 0.992575 0.991675 0.98965 0.98905 0.988275 0.987825 0.9878 0.9887 0.9873 0.9872 0.986975 0.986175 0.985875 0.985675 0.98525 0.985125 0.984775 0.9847
0.9958 0.99575 0.997175 0.9955 0.995425 0.99515 0.9945 0.993925 0.9942 0.99405 0.993775 0.993575 0.9933 0.9931 0.993325 0.9952 0.99305 0.9933 0.9935 0.993725 0.99375 0.993575 0.993025 0.99395 0.994025 0.993225 0.992925 0.993025 0.9931 0.99675 0.993275 0.99325 0.992625 0.992725 0.993025 0.99275 0.992375 0.9929 0.994075 0.99385 0.9942 0.994925 0.995075 0.995275 0.994725 0.99505 0.994125 0.9939 0.994575 0.99205 0.9907 0.989925 0.989525 0.9891 0.9887 0.988175 0.98745 0.9876 0.9876 0.986375 0.9859 0.98625 0.986025 0.98595 0.985225 0.984875
0.99625 0.996125 0.996 0.996225 0.995575 0.9952 0.994825 0.994725 0.996375 0.99405 0.994025 0.993675 0.99355 0.993675 0.9936 0.99385 0.993775 0.993425 0.99325 0.9934 0.993525 0.993375 0.992925 0.993325 0.996975 0.99285 0.992925 0.992925 0.992875 0.99475 0.99385 0.993125 0.99285 0.99305 0.993025 0.992725 0.99245 0.992525 0.99305 0.99305 0.994425 0.994875 0.9946 0.9947 0.99485 0.993425 0.9943 0.9938 0.994 0.992575 0.992175 0.991275 0.990775 0.9902 0.989525 0.98975 0.9884 0.9878 0.98845 0.987275 0.9866 0.987075 0.986775 0.986225 0.98575 0.985425
0.995925 0.995025 0.995825 0.996633 0.99555 0.995125 0.995 0.994975 0.99515 0.9938 0.994275 0.99395 0.99355 0.99355 0.993575 0.993325 0.9941 0.993825 0.99285 0.993 0.9929 0.99275 0.992625 0.99275 0.993075 0.993675 0.99285 0.992675 0.99275 0.993075 0.9936 0.992975 0.992925 0.99275 0.9927 0.9926 0.992475 0.9927 0.992975 0.9957 0.994525 0.99425 0.994275 0.994525 0.9946 0.994175 0.994325 0.9947 0.994225 0.993575 0.99335 0.992725 0.992475 0.99235 0.9918 0.992625 0.9901 0.989625 0.9896 0.989675 0.988175 0.9878 0.987375 0.98725 0.987225 0.986575
0.9955 0.99545 0.9956 0.99675 0.99565 0.994975 0.9947 0.994425 0.99425 0.99725 0.994325 0.994175 0.993475 0.9932 0.993225 0.993075 0.993025 0.993975 0.99315 0.993425 0.99305 0.992525 0.9921 0.99215 0.9924 0.994375 0.99305 0.992725 0.992775 0.9928 0.993475 0.99275 0.99265 0.992675 0.9925 0.992275 0.992275 0.992725 0.993375 0.994925 0.9943 0.9944 0.994375 0.9947 0.9953 0.9952 0.994875 0.9952 0.996275 0.994025 0.993825 0.993475 0.993625 0.9937 0.99355 0.9933 0.991725 0.99115 0.990175 0.98925 0.989825 0.9881 0.9878 0.98745 0.987125 0.987125
0.995175 0.99515 0.99545 0.9952 0.9968 0.9952 0.9948 0.9945 0.99425 0.996825 0.994075 0.993975 0.9937 0.993775 0.9938 0.99335 0.993675 0.9947 0.993575 0.99365 0.993075 0.992775 0.99215 0.99195 0.992025 0.992575 0.993225 0.99275 0.9927 0.99265 0.9923 0.9928 0.992525 0.992975 0.992575 0.992425 0.99235 0.99275 0.9927 0.995325 0.99455 0.994625 0.994875 0.9951 0.99535 0.994975 0.995225 0.9953 0.994625 0.993525 0.993025 0.992775 0.9928 0.9929 0.992925 0.992525 0.99215 0.9907 0.989725 0.9889 0.9887 0.9878 0.98725 0.986775 0.986325 0.9862
0.99505 0.995175 0.995225 0.9951 0.99605 0.996625 0.995075 0.994775 0.9947 0.9951 0.994725 0.993825 0.993575 0.993825 0.99445 0.994125 0.994025 0.993775 0.993425 0.99365 0.993525 0.9933 0.9925 0.99235 0.99215 0.992325 0.992675 0.99305 0.9931 0.992875 0.99265 0.9939 0.99265 0.993175 0.99305 0.992225 0.992175 0.99195 0.992275 0.994025 0.994775 0.9951 0.994825 0.994725 0.994625 0.994525 0.994675 0.9947 0.993925 0.993075 0.992375 0.9923 0.992125 0.9919 0.99195 0.992 0.991925 0.990275 0.989675 0.98895 0.98815 0.987325 0.986525 0.985975 0.9858 0.9852
0.994925 0.994875 0.994767 0.9951 0.995275 0.9956 0.995025 0.9949 0.99485 0.994925 0.9945 0.9936 0.99345 0.993525 0.9942 0.9947 0.994075 0.993625 0.996175 0.9933 0.993625 0.993775 0.99315 0.992875 0.992225 0.9925 0.99475 0.993225 0.9929 0.992775 0.992425 0.993225 0.994475 0.993175 0.992875 0.9924 0.99195 0.991875 0.9923 0.9927 0.996525 0.994825 0.9946 0.9939 0.99355 0.99345 0.993825 0.99385 0.993 0.9923 0.992125 0.99195 0.9915 0.991275 0.991375 0.99145 0.991675 0.99055 0.989025 0.989225 0.98855 0.987325 0.9863 0.985925 0.985675 0.98525
0.994625 0.994567 0.99465 0.995 0.995225 0.9959 0.994625 0.9944 0.9945 0.99455 0.994575 0.995175 0.9937 0.993725 0.993725 0.994175 0.993675 0.993275 0.993075 0.992925 0.993225 0.993325 0.992725 0.99235 0.99205 0.99155 0.9922 0.99215 0.99225 0.992475 0.99185 0.9923 0.992425 0.99225 0.99285 0.992725 0.9923 0.99185 0.991925 0.99215 0.99275 0.993625 0.99325 0.9925 0.99205 0.99195 0.99225 0.99215 0.9909 0.990575 0.990775 0.990775 0.990175 0.989725 0.989875 0.990175 0.9901 0.989325 0.988275 0.988125 0.988525 0.987075 0.985775 0.9855 0.985075 0.984475
0.99495 0.994575 0.994425 0.995 0.995375 0.99535 0.996 0.994225 0.994225 0.994425 0.99425 0.994725 0.99355 0.993875 0.993175 0.99345 0.993025 0.992325 0.993 0.995275 0.992775 0.992625 0.99235 0.9919 0.991725 0.991225 0.991575 0.99175 0.991875 0.992175 0.99205 0.992175 0.992025 0.99475 0.9923 0.9924 0.9919 0.991275 0.99135 0.991675 0.992225 0.9956 0.992225 0.99125 0.9911 0.991025 0.99105 0.990575 0.990025 0.9892 0.98905 0.99045 0.990175 0.9883 0.9886 0.98885 0.988975 0.9886 0.9915 0.98725 0.987975 0.986975 0.985575 0.98465 0.984275 0.9838
0.9948 0.994825 0.99475 0.994975 0.995175 0.9952 0.9947 0.99425 0.99425 0.9947 0.99445 0.99505 0.99425 0.993425 0.992925 0.99315 0.9926 0.9927 0.992925 0.9931 0.9929 0.992675 0.9923 0.991825 0.99185 0.991825 0.991575 0.9917 0.9932 0.992125 0.99215 0.992525 0.99275 0.993475 0.99215 0.992275 0.9916 0.991125 0.991325 0.99175 0.991975 0.99235 0.992875 0.9907 0.990525 0.9906 0.990625 0.9906 0.9898 0.98895 0.988125 0.9878 0.987425 0.98985 0.987875 0.988075 0.988025 0.9877 0.987425 0.987875 0.987375 0.986775 0.985575 0.984525 0.984125 0.9836
0.998075 0.994867 0.994775 0.994875 0.99475 0.99495 0.994825 0.995275 0.994375 0.995 0.99455 0.994 0.995425 0.993475 0.993125 0.9928 0.9928 0.992825 0.99285 0.9929 0.994425 0.992175 0.99235 0.992 0.991825 0.99195 0.991125 0.9919 0.993275 0.9921 0.991975 0.9927 0.993075 0.992475 0.993275 0.99205 0.991325 0.990825 0.99115 0.99125 0.9915 0.99215 0.9921 0.990625 0.99065 0.990425 0.990325 0.99 0.989275 0.9883 0.987675 0.987325 0.98675 0.987125 0.986925 0.987025 0.98675 0.98695 0.986975 0.99015 0.98735 0.98665 0.9857 0.98475 0.984125 0.983575
0.995025 0.994825 0.99475 0.99485 0.99485 0.99505 0.994475 0.9949 0.994975 0.994375 0.99415 0.993775 0.996125 0.99455 0.992925 0.992675 0.992775 0.992575 0.99285 0.992275 0.994375 0.9921 0.992425 0.992375 0.992025 0.991925 0.991725 0.991675 0.991875 0.99245 0.992225 0.9926 0.992825 0.9922 0.9929 0.99175 0.991425 0.9907 0.99045 0.990525 0.991125 0.9914 0.99225 0.991475 0.991275 0.99055 0.990125 0.98935 0.98855 0.987625 0.986975 0.986525 0.986025 0.98675 0.98685 0.985875 0.985775 0.986 0.98575 0.98555 0.986575 0.98595 0.98545 0.984775 0.98415 0.98375
0.994667 0.995325 0.994475 0.9948 0.995025 0.994775 0.99435 0.994025 0.99555 0.9941 0.99415 0.9938 0.993875 0.9973 0.99245 0.9925 0.992475 0.99255 0.992275 0.992 0.992225 0.9938 0.992325 0.9925 0.992125 0.99215 0.991975 0.991675 0.991675 0.993525 0.99195 0.992275 0.992425 0.99195 0.9922 0.9916 0.991025 0.990575 0.9906 0.990575 0.99095 0.99075 0.99195 0.9933 0.991 0.9904 0.98965 0.988725 0.98765 0.986925 0.986525 0.98595 0.98525 0.985 0.98505 0.984775 0.98485 0.98495 0.984725 0.984875 0.985275 0.9863 0.98455 0.9846 0.9842 0.983725
0.994767 0.995125 0.9944 0.994625 0.994825 0.9944 0.993825 0.99375 0.99365 0.993875 0.99415 0.9938 0.993675 0.9939 0.99265 0.992375 0.992275 0.99245 0.99205 0.99205 0.9921 0.993125 0.993175 0.9928 0.99255 0.9923 0.9923 0.991675 0.9915 0.993025 0.99205 0.99225 0.992425 0.99235 0.9915 0.99175 0.990475 0.990525 0.99045 0.990675 0.9911 0.9917 0.991875 0.992875 0.99105 0.99 0.989575 0.988625 0.987575 0.986975 0.986175 0.985725 0.98505 0.98445 0.984275 0.98525 0.984325 0.984225 0.984075 0.98425 0.984775 0.98635 0.9846 0.984425 0.984075 0.9837
0.994825 0.99525 0.99415 0.994525 0.9946 0.99415 0.993775 0.993825 0.994225 0.994225 0.993925 0.99395 0.993575 0.99335 0.995 0.9922 0.991975 0.992125 0.99205 0.9924 0.992525 0.99245 0.992425 0.9926 0.992975 0.992575 0.992175 0.9918 0.991925 0.993925 0.99305 0.992375 0.992625 0.99235 0.991425 0.991525 0.99075 0.990625 0.990025 0.99015 0.99115 0.9918 0.991875 0.99215 0.992175 0.990125 0.98945 0.98885 0.988225 0.9873 0.986125 0.9859 0.985525 0.984675 0.984225 0.984675 0.984475 0.983675 0.983925 0.9841 0.984175 0.987825 0.9856 0.984625 0.984225 0.9838
0.99475 0.99435 0.994225 0.99435 0.99455 0.994175 0.99365 0.994025 0.99385 0.9962 0.99405 0.99385 0.993375 0.993225 0.994675 0.99245 0.9921 0.9921 0.99215 0.99235 0.9925 0.992225 0.9945 0.992425 0.99295 0.99275 0.992625 0.9923 0.9923 0.992375 0.992625 0.9924 0.99245 0.9921 0.991175 0.991325 0.991375 0.990875 0.99045 0.9906 0.991325 0.991625 0.992025 0.991925 0.9943 0.990175 0.989475 0.98885 0.988025 0.987575 0.98645 0.986125 0.98585 0.9848 0.9842 0.983825 0.9837 0.983825 0.984175 0.98385 0.98445 0.98475 0.985375 0.985 0.98485 0.984575
0.9947 0.99435 0.9948 0.994475 0.994625 0.9941 0.99365 0.993775 0.993875 0.994125 0.994075 0.993675 0.99315 0.9933 0.992825 0.99315 0.9921 0.99215 0.9923 0.992675 0.992875 0.99275 0.993825 0.99245 0.99305 0.992925 0.99305 0.9927 0.992475 0.992425 0.99435 0.99235 0.992525 0.992125 0.9914 0.991525 0.99185 0.990825 0.991 0.991125 0.99145 0.991575 0.991875 0.991625 0.9912 0.993025 0.989575 0.9888 0.98805 0.987425 0.98685 0.98625 0.985775 0.984675 0.984175 0.9836 0.9836 0.9835 0.9836 0.98325 0.984325 0.984875 0.985125 0.98505 0.9849 0.98545
0.99475 0.9945 0.9954 0.99465 0.9948 0.994125 0.994125 0.99415 0.994375 0.9941 0.993875 0.993175 0.9923 0.992325 0.99205 0.9935 0.991825 0.9919 0.991975 0.991975 0.991925 0.992075 0.991925 0.99435 0.992825 0.992425 0.9922 0.992075 0.991975 0.9921 0.992 0.99275 0.9915 0.9917 0.991525 0.991275 0.993125 0.990825 0.990425 0.9907 0.99125 0.9914 0.991175 0.99135 0.991 0.99075 0.99085 0.98875 0.987975 0.98725 0.986525 0.985575 0.985275 0.9852 0.984275 0.98375 0.984125 0.98355 0.9833 0.98305 0.983725 0.98465 0.98525 0.9845 0.984575 0.986
0.99475 0.9945 0.994375 0.996875 0.994925 0.994525 0.99395 0.993825 0.994175 0.9939 0.99555 0.9928 0.99195 0.991625 0.9917 0.9914 0.991825 0.99175 0.991775 0.991325 0.991275 0.9913 0.991375 0.992725 0.99185 0.991625 0.991375 0.991625 0.991775 0.991775 0.9915 0.992925 0.9912 0.9919 0.99115 0.990825 0.99085 0.99225 0.989525 0.9904 0.990875 0.99125 0.9912 0.9912 0.99075 0.989825 0.989425 0.988575 0.987925 0.987 0.986275 0.985575 0.985225 0.985175 0.9832 0.98345 0.983325 0.984075 0.983175 0.983225 0.983675 0.98455 0.98465 0.985225 0.984325 0.984475
0.99505 0.994825 0.99465 0.997825 0.994375 0.9946 0.99425 0.99415 0.993725 0.993525 0.99365 0.993425 0.99185 0.9915 0.991725 0.991275 0.993625 0.991375 0.991575 0.991125 0.99115 0.990725 0.99105 0.991025 0.992375 0.991175 0.991175 0.991425 0.99145 0.99145 0.99145 0.99125 0.9925 0.9914 0.99085 0.990575 0.990925 0.990575 0.991075 0.990225 0.990725 0.99115 0.9913 0.9912 0.990475 0.98975 0.99065 0.9899 0.987675 0.9869 0.986125 0.98545 0.9852 0.984825 0.984125 0.9826 0.983225 0.983625 0.983175 0.98325 0.9836 0.984275 0.984325 0.98445 0.9846 0.9843
0.995225 0.99495 0.994825 0.996325 0.993825 0.994325 0.994175 0.993975 0.993625 0.993225 0.992625 0.992075 0.9919 0.99135 0.9915 0.991575 0.99555 0.991075 0.990975 0.99105 0.99105 0.99055 0.9907 0.99085 0.99275 0.99115 0.991025 0.9908 0.990725 0.990925 0.99085 0.99065 0.9907 0.990575 0.9905 0.990475 0.990675 0.99005 0.99115 0.9896 0.99045 0.990975 0.991025 0.9911 0.9907 0.98955 0.989075 0.98855 0.98755 0.986875 0.98585 0.985125 0.984825 0.98445 0.98395 0.982625 0.983225 0.983475 0.985075 0.9837 0.98385 0.98425 0.98425 0.9857 0.984275 0.984
0.995525 0.995125 0.994775 0.99455 0.9956 0.994475 0.994125 0.99395 0.99375 0.99315 0.99245 0.9919 0.992925 0.990725 0.99085 0.991125 0.991525 0.99255 0.99075 0.990375 0.9905 0.990325 0.990375 0.990625 0.992825 0.991375 0.990425 0.990475 0.99005 0.990325 0.99045 0.990175 0.9904 0.992325 0.9902 0.990275 0.990325 0.989825 0.99035 0.9902 0.99025 0.99055 0.9908 0.99085 0.990575 0.989625 0.989 0.98895 0.9889 0.986675 0.9855 0.98515 0.984675 0.9843 0.9839 0.9834 0.9824 0.983125 0.98425 0.983425 0.983875 0.98425 0.984625 0.9851 0.98465 0.984125
0.99525 0.995 0.994675 0.994725 0.994775 0.994175 0.99395 0.993975 0.993575 0.993 0.99225 0.9915 0.992225 0.990675 0.990675 0.990875 0.99115 0.9916 0.989825 0.990275 0.990375 0.990375 0.990125 0.990475 0.991125 0.9919 0.990675 0.99035 0.99005 0.99025 0.99025 0.9898 0.99005 0.9906 0.99005 0.9903 0.9904 0.99 0.98965 0.9896 0.990325 0.990525 0.990875 0.991075 0.990425 0.98975 0.988925 0.988375 0.9882 0.98665 0.985825 0.985175 0.9845 0.984475 0.984 0.98355 0.983025 0.982975 0.985375 0.98345 0.9839 0.98445 0.98505 0.98505 0.985925 0.983375
0.9958 0.994825 0.9945 0.994425 0.994625 0.99535 0.993625 0.99375 0.993525 0.99315 0.9921 0.991475 0.991275 0.990925 0.990875 0.9907 0.990975 0.991075 0.991425 0.990425 0.99055 0.99045 0.990275 0.98995 0.9913 0.995 0.9911 0.990325 0.990325 0.990375 0.98995 0.9902 0.99015 0.992775 0.990525 0.990575 0.9905 0.990275 0.98965 0.991125 0.990375 0.9905 0.990675 0.9908 0.990225 0.989475 0.9888 0.9885 0.9885 0.98725 0.9856 0.9852 0.98465 0.984875 0.984325 0.984 0.983475 0.98315 0.9829 0.985575 0.984 0.9846 0.98505 0.984775 0.986575 0.984175
0.995175 0.994875 0.99465 0.9948 0.99485 0.996225 0.993525 0.993775 0.9936 0.99285 0.9921 0.991775 0.9913 0.991575 0.9911 0.9909 0.990825 0.9912 0.992725 0.99105 0.991025 0.990775 0.9902 0.99035 0.991025 0.991 0.99255 0.990525 0.990375 0.99025 0.99035 0.990775 0.990575 0.991775 0.990625 0.9908 0.9901 0.98955 0.988975 0.99065 0.9896 0.9902 0.990225 0.99055 0.989975 0.989325 0.9888 0.988125 0.9875 0.987125 0.986 0.985125 0.984625 0.985075 0.9847 0.984325 0.98375 0.982575 0.98265 0.983025 0.984025 0.985025 0.9851 0.984875 0.9846 0.984125
0.995425 0.995175 0.99495 0.995525 0.9954 0.99705 0.99395 0.994 0.993825 0.992875 0.992475 0.991875 0.991525 0.990975 0.99075 0.990775 0.991025 0.9911 0.990975 0.990925 0.990875 0.99065 0.9901 0.9899 0.990625 0.9906 0.99195 0.990375 0.989775 0.9898 0.989675 0.990325 0.9906 0.990525 0.993575 0.9901 0.989725 0.98935 0.989 0.98925 0.991775 0.99025 0.99015 0.990175 0.98985 0.989625 0.98885 0.987975 0.9876 0.987725 0.9863 0.98605 0.985075 0.984925 0.98455 0.9842 0.98395 0.9831 0.98275 0.9851 0.98365 0.985125 0.98505 0.9851 0.984825 0.986525
0.9957 0.995225 0.99475 0.9951 0.994875 0.99455 0.995725 0.993925 0.9936 0.993225 0.9931 0.9926 0.991925 0.991675 0.9935 0.99105 0.990925 0.9912 0.9913 0.994125 0.99105 0.991025 0.99015 0.98985 0.990825 0.990825 0.9933 0.9903 0.98995 0.989775 0.9901 0.99025 0.99015 0.99035 0.991975 0.990475 0.98985 0.9897 0.989325 0.9891 0.993325 0.9893 0.9898 0.98975 0.9899 0.989775 0.98875 0.988 0.9873 0.98635 0.986825 0.9853 0.984975 0.98485 0.984575 0.984225 0.9841 0.9835 0.982825 0.98275 0.9835 0.9843 0.9846 0.98525 0.984725 0.98675
