half_wave0.1m.txt
north: 13.2
south: -0.2
east: 43.3
west: 0.05
rows: 134
cols: 432
[rows 87 to 115 of 134, columns 264 to 329 of 432]
0.80995 0.8129 0.816375 0.82045 0.825925 0.826375 0.829175 0.8315 0.834275 0.836975 0.84025 0.84285 0.8475 0.8496 0.85415 0.856275 0.860025 0.8641 0.86675 0.87 0.873375 0.877575 0.87965 0.88195 0.884025 0.88705 0.889075 0.892875 0.895025 0.89775 0.899725 0.902325 0.90515 0.9067 0.9121 0.91415 0.9187 0.923425 0.927775 0.93015 0.9343 0.937025 0.9405 0.943575 0.94665 0.95055 0.952225 0.95495 0.958075 0.9617 0.9654 0.96915 0.974125 0.9771 0.9819 0.986525 0.991275 0.997525 1.00315 1.003725 1.0025 1.0004 0.999575 1.000525 0.998125 0.997275
0.809925 0.8125 0.81615 0.82095 0.825375 0.8255 0.827825 0.83055 0.833825 0.837425 0.84005 0.843075 0.847825 0.849075 0.852675 0.856025 0.85955 0.86315 0.8666 0.86955 0.87335 0.878475 0.879725 0.883575 0.883675 0.88565 0.887925 0.891225 0.8944 0.896925 0.899475 0.9013 0.90395 0.9066 0.910975 0.914 0.921175 0.923075 0.92705 0.9297 0.9345 0.936175 0.9397 0.943725 0.946175 0.949375 0.95165 0.9552 0.957575 0.96085 0.9646 0.967975 0.972125 0.97655 0.980675 0.9854 0.99025 0.9966 1.00225 1.004375 1.00245 0.99975 0.998975 0.999375 0.997825 0.9966
0.809525 0.8125 0.8161 0.822175 0.822325 0.825075 0.8274 0.8313 0.834125 0.837 0.839925 0.84245 0.845775 0.848525 0.853075 0.855875 0.85965 0.863 0.866025 0.869825 0.872875 0.878 0.8794 0.885075 0.8834 0.885075 0.889525 0.891025 0.893825 0.895975 0.8987 0.90035 0.90355 0.906175 0.911825 0.913475 0.9177 0.922525 0.9264 0.929475 0.934275 0.935775 0.93935 0.943075 0.945625 0.948475 0.951375 0.9541 0.9568 0.9595 0.96355 0.96755 0.97185 0.9756 0.981625 0.985325 0.9893 0.99645 1.00235 1.004875 1.002175 1.000375 0.998825 0.9977 1.000475 0.99685
0.80865 0.81155 0.8145 0.818425 0.821725 0.8261 0.826625 0.8316 0.834175 0.8361 0.83955 0.84255 0.8456 0.848475 0.853325 0.855375 0.858225 0.861275 0.864975 0.86875 0.87185 0.87565 0.879325 0.881 0.8829 0.88505 0.887225 0.89015 0.8941 0.895625 0.8981 0.90025 0.902275 0.906175 0.91105 0.9136 0.916875 0.92155 0.925675 0.929325 0.932325 0.935025 0.938475 0.941925 0.945075 0.94825 0.9526 0.953775 0.956475 0.9592 0.963425 0.96735 0.971025 0.9746 0.98025 0.984625 0.98965 0.995975 1.0003 1.004225 1.00155 1.0007 0.998675 0.9973 1.0013 0.9964
0.807325 0.8104 0.81485 0.817 0.8199 0.823425 0.825775 0.828775 0.832325 0.835325 0.838725 0.8419 0.84495 0.8478 0.851425 0.854875 0.858725 0.8609 0.86555 0.868075 0.871175 0.87885 0.878425 0.88055 0.884125 0.884625 0.89045 0.890025 0.8946 0.895025 0.897475 0.899825 0.901775 0.905375 0.9099 0.913 0.91675 0.921325 0.925025 0.928525 0.9316 0.934725 0.938225 0.941725 0.94445 0.947125 0.950075 0.953475 0.956075 0.959175 0.96435 0.9672 0.97095 0.975325 0.98135 0.9847 0.989425 0.996125 0.9996 1.003025 1.001 0.99985 0.99815 0.9973 0.998425 0.996325
0.806375 0.809975 0.81305 0.8161 0.81945 0.822525 0.82535 0.827925 0.830825 0.834025 0.8377 0.8411 0.84505 0.8475 0.851225 0.85525 0.859 0.8611 0.86555 0.868225 0.871325 0.87615 0.878075 0.8799 0.883125 0.883875 0.8874 0.889575 0.892375 0.894725 0.8975 0.899525 0.901925 0.905225 0.90895 0.9132 0.91705 0.921675 0.9245 0.928075 0.9307 0.935875 0.937825 0.944425 0.944525 0.94655 0.9502 0.953125 0.95605 0.9587 0.9644 0.9673 0.970725 0.976175 0.9797 0.98425 0.9889 0.9944 0.998825 1.00275 1.000775 0.999925 0.998475 0.997225 0.996425 0.99635
0.806175 0.8094 0.812925 0.8162 0.82135 0.82165 0.825425 0.8274 0.830775 0.833325 0.837 0.840225 0.844025 0.8477 0.850175 0.856025 0.8566 0.8606 0.864825 0.86715 0.87055 0.873975 0.878175 0.87895 0.882725 0.883225 0.886525 0.8894 0.8922 0.894575 0.896925 0.899625 0.90165 0.9052 0.9085 0.9153 0.916375 0.923775 0.924225 0.927325 0.929875 0.934725 0.9378 0.94205 0.94425 0.9463 0.949225 0.9528 0.955675 0.958775 0.9623 0.967 0.97085 0.974625 0.979575 0.98355 0.98815 0.994875 0.999075 1.002675 1.000775 0.9997 0.9977 0.997025 0.996275 0.997175
0.80555 0.809025 0.814175 0.815975 0.81925 0.8211 0.827075 0.826375 0.82885 0.832925 0.836175 0.83995 0.84385 0.8476 0.849975 0.8546 0.8593 0.859875 0.8634 0.86665 0.870375 0.87325 0.876175 0.8784 0.8811 0.883325 0.885925 0.889925 0.89155 0.89415 0.8966 0.899275 0.9007 0.9048 0.907975 0.9139 0.916225 0.921275 0.923975 0.927475 0.929775 0.933475 0.9371 0.94065 0.944325 0.9453 0.9497 0.952725 0.955425 0.958225 0.961525 0.9671 0.970725 0.974175 0.9782 0.983125 0.9878 0.99325 0.998275 1.00205 1.002225 0.999325 0.998075 0.99645 0.995225 0.99415
0.8057 0.80885 0.8122 0.8167 0.817975 0.8221 0.823925 0.82615 0.82835 0.8321 0.835675 0.839475 0.8435 0.846325 0.849375 0.8533 0.8562 0.85985 0.86315 0.866525 0.8699 0.873075 0.875925 0.877975 0.880125 0.882725 0.885875 0.889 0.89145 0.8941 0.89625 0.89865 0.90055 0.904375 0.9078 0.91195 0.91565 0.921025 0.9244 0.92725 0.92945 0.933325 0.9369 0.9405 0.944625 0.94565 0.95275 0.9528 0.9557 0.9584 0.9618 0.96645 0.970175 0.973425 0.97795 0.98255 0.987225 0.99235 0.9986 1.00205 1.001125 0.99865 0.997325 0.996225 0.994025 0.9935
0.805225 0.80865 0.812375 0.816 0.817875 0.823525 0.8236 0.82525 0.827825 0.831425 0.835175 0.839125 0.84265 0.845975 0.849675 0.85335 0.8559 0.8586 0.862775 0.866 0.86945 0.8723 0.87555 0.878325 0.88175 0.88325 0.886 0.88895 0.89145 0.893675 0.89595 0.8985 0.901225 0.904475 0.90795 0.91175 0.9155 0.9198 0.92385 0.926975 0.929975 0.933125 0.936775 0.94035 0.945225 0.946733 0.94965 0.953075 0.955275 0.9585 0.9616 0.96565 0.969675 0.973 0.9768 0.9816 0.986875 0.99225 0.99855 1.002275 1.002025 0.9981 0.997025 0.996025 0.994925 0.992775
0.8061 0.809375 0.813125 0.8179 0.820075 0.823775 0.827075 0.826775 0.828625 0.83155 0.8352 0.83915 0.84255 0.846025 0.849675 0.853525 0.85575 0.858825 0.8626 0.866575 0.869225 0.872075 0.875075 0.87725 0.88005 0.88385 0.885625 0.888325 0.89115 0.8939 0.89655 0.899475 0.902325 0.9064 0.9099 0.914475 0.917025 0.920275 0.9239 0.9271 0.9291 0.933125 0.936375 0.94005 0.9442 0.945875 0.948775 0.95165 0.954375 0.9573 0.960575 0.965425 0.96895 0.972925 0.977075 0.983725 0.9872 0.991075 0.998125 1.00135 0.999925 1.00095 0.997375 0.996525 0.9948 0.993175
0.805425 0.808825 0.81215 0.815525 0.81935 0.820525 0.823625 0.825325 0.827975 0.831425 0.834875 0.83925 0.842425 0.846025 0.8489 0.852675 0.856375 0.858675 0.862175 0.86635 0.86975 0.8724 0.87585 0.878675 0.880775 0.88655 0.8863 0.889275 0.892325 0.895025 0.896875 0.898675 0.901025 0.904875 0.908525 0.913925 0.91605 0.920575 0.9233 0.926975 0.928975 0.932075 0.937025 0.939025 0.943725 0.945575 0.94865 0.951275 0.954475 0.957375 0.960025 0.9646 0.96885 0.9731 0.977075 0.98215 0.986125 0.99155 0.99825 1.001775 0.999175 0.9986 0.997875 0.9967 0.995125 0.993975
0.805325 0.808525 0.811975 0.8155 0.81725 0.820625 0.823875 0.825325 0.82795 0.831625 0.835325 0.839375 0.842125 0.845175 0.8487 0.8522 0.85575 0.85905 0.8622 0.866675 0.86965 0.872425 0.876025 0.87805 0.88105 0.8858 0.8864 0.8898 0.892675 0.895775 0.897575 0.899 0.901175 0.904775 0.90865 0.9143 0.91625 0.92025 0.924325 0.926825 0.9289 0.930825 0.9351 0.939125 0.942867 0.94505 0.947525 0.951575 0.9542 0.956975 0.95935 0.9654 0.969475 0.973325 0.9764 0.98185 0.9869 0.9908 0.9976 1.00155 0.998825 1.0003 0.99765 0.996775 0.9963 0.995425
0.805475 0.80855 0.812 0.8157 0.817175 0.8205 0.82315 0.8265 0.828225 0.83165 0.83575 0.839875 0.842275 0.84565 0.8502 0.851925 0.85815 0.8586 0.862275 0.865925 0.8696 0.873075 0.876525 0.879175 0.8813 0.8859 0.88695 0.890425 0.892975 0.8963 0.89755 0.899475 0.9012 0.90515 0.90875 0.914775 0.9156 0.92 0.923925 0.9264 0.928775 0.931325 0.935 0.939 0.944733 0.9452 0.947375 0.950625 0.953975 0.957125 0.9603 0.965525 0.969925 0.973425 0.977575 0.981375 0.986375 0.990575 0.997375 1.000625 0.99915 0.999 0.99745 0.996825 0.9962 0.994325
0.805225 0.808525 0.812 0.8151 0.81725 0.82105 0.8231 0.827125 0.8289 0.832225 0.83615 0.839825 0.842325 0.845725 0.8491 0.851825 0.85805 0.859075 0.8627 0.86625 0.869975 0.8731 0.877 0.8791 0.881225 0.885575 0.88765 0.8901 0.893 0.89545 0.897825 0.899475 0.902375 0.905375 0.90925 0.914175 0.9158 0.91935 0.92355 0.9266 0.92875 0.930875 0.936575 0.938675 0.94315 0.944975 0.947725 0.9514 0.954325 0.957925 0.9605 0.96625 0.970175 0.973575 0.97765 0.9821 0.98655 0.9921 0.995975 1.00095 1.000075 1.000275 0.99915 0.996975 0.995975 0.99545
0.805725 0.808725 0.811925 0.8151 0.8176 0.822275 0.823525 0.828575 0.82915 0.832925 0.8362 0.839975 0.84275 0.84555 0.848725 0.85165 0.8563 0.8608 0.8625 0.866775 0.869875 0.874525 0.876875 0.879025 0.881425 0.885525 0.8873 0.89065 0.89325 0.895925 0.898175 0.899525 0.90265 0.90595 0.909525 0.91295 0.915725 0.9195 0.92315 0.926525 0.92875 0.931125 0.9373 0.9387 0.9429 0.94505 0.948475 0.9515 0.95495 0.958125 0.9616 0.966725 0.97115 0.974375 0.977575 0.982125 0.986325 0.99005 0.997975 1.000375 0.999075 0.99885 0.9991 0.996575 0.996375 0.994925
0.806075 0.809175 0.8122 0.8152 0.817625 0.820675 0.823875 0.8275 0.829925 0.83355 0.836925 0.84045 0.8427 0.8455 0.8485 0.85155 0.85595 0.858325 0.8623 0.866125 0.86995 0.87405 0.8774 0.8793 0.88165 0.88545 0.8879 0.8907 0.8936 0.8967 0.898175 0.899975 0.9031 0.906675 0.910425 0.91355 0.91625 0.91975 0.9239 0.926225 0.92845 0.931975 0.93635 0.939625 0.9441 0.9462 0.94935 0.952675 0.95475 0.958775 0.962025 0.968575 0.971575 0.974 0.978525 0.983175 0.98625 0.99035 0.9957 1.000075 0.999325 0.998625 0.999325 0.997 0.99675 0.9961
0.806125 0.809425 0.81265 0.81605 0.818325 0.82085 0.82435 0.82765 0.83055 0.83405 0.83755 0.84075 0.84315 0.845825 0.84955 0.851625 0.855 0.8584 0.8629 0.86675 0.870375 0.875425 0.877625 0.882175 0.882525 0.885675 0.88825 0.89225 0.894075 0.8969 0.89825 0.900625 0.904025 0.907425 0.910875 0.913675 0.9162 0.92 0.924375 0.926725 0.928775 0.932575 0.937075 0.9406 0.944025 0.94655 0.949925 0.953175 0.95585 0.95875 0.96355 0.968325 0.971625 0.97425 0.9787 0.983 0.986425 0.98995 0.996175 0.9993 0.99945 0.99835 0.998525 0.99745 0.99675 0.9958
0.806525 0.80965 0.813 0.816225 0.81925 0.8218 0.825525 0.82845 0.831925 0.83485 0.8381 0.84115 0.84295 0.8456 0.850125 0.851825 0.8557 0.8593 0.86305 0.866875 0.870625 0.878025 0.877875 0.882025 0.8828 0.88555 0.88835 0.89175 0.894075 0.897125 0.899125 0.9001 0.90385 0.907525 0.911625 0.914075 0.916525 0.920575 0.923675 0.925925 0.9287 0.93235 0.93855 0.940975 0.944175 0.94695 0.950625 0.95365 0.9567 0.958875 0.963525 0.970175 0.970975 0.973925 0.979625 0.98235 0.986625 0.990125 0.996 1.0003 0.999275 0.99875 1.000025 0.99725 0.9968 0.99565
0.80685 0.8101 0.8136 0.816625 0.820775 0.82245 0.82595 0.829225 0.8326 0.83705 0.838875 0.841325 0.84305 0.846275 0.8506 0.852375 0.856175 0.8595 0.86335 0.866925 0.87045 0.87815 0.878225 0.881825 0.88295 0.88545 0.88905 0.893325 0.8949 0.8968 0.899075 0.9002 0.9037 0.90695 0.91165 0.9137 0.91695 0.920525 0.923675 0.926125 0.9288 0.93185 0.936567 0.940525 0.9443 0.947025 0.950775 0.953275 0.95675 0.958975 0.963025 0.97055 0.971525 0.9744 0.98075 0.983 0.98655 0.990325 1.0001 1.000075 0.999825 0.999525 1.0003 0.99755 0.99685 0.996
0.807425 0.810425 0.8138 0.816625 0.822725 0.823125 0.827275 0.83055 0.832575 0.83725 0.83865 0.84085 0.8432 0.84585 0.849225 0.852325 0.857275 0.8596 0.86365 0.867525 0.87065 0.87865 0.87865 0.881925 0.883525 0.88645 0.889225 0.893475 0.89515 0.897225 0.89895 0.90005 0.903825 0.907325 0.912275 0.91425 0.91685 0.92105 0.924275 0.926425 0.92915 0.93195 0.9374 0.941025 0.9445 0.9461 0.95045 0.953275 0.9566 0.959375 0.963275 0.97015 0.971525 0.974775 0.980125 0.983525 0.98695 0.990725 0.997425 1.00155 1.0009 1.0004 1.00145 0.998075 0.99725 0.9963
0.807275 0.810625 0.81375 0.81655 0.8212 0.82235 0.82705 0.82895 0.83255 0.8358 0.838375 0.840875 0.8427 0.845575 0.848675 0.851775 0.857675 0.859475 0.863775 0.86775 0.871125 0.879 0.879225 0.88095 0.88315 0.886275 0.889725 0.89295 0.8948 0.8976 0.8991 0.90115 0.90475 0.907775 0.912175 0.9145 0.917375 0.92185 0.924975 0.927825 0.92945 0.933 0.937867 0.941625 0.944525 0.946525 0.9502 0.953125 0.956425 0.959275 0.963675 0.970425 0.972025 0.97565 0.9827 0.984225 0.9876 0.990775 0.9987 1.000925 1.00095 1.000375 1.00015 0.9992 0.9977 0.99715
0.807 0.810475 0.813525 0.8166 0.81975 0.823 0.8292 0.828675 0.83215 0.835225 0.838275 0.840725 0.84305 0.84535 0.848625 0.851625 0.8563 0.859725 0.864 0.86775 0.87125 0.87705 0.87955 0.881825 0.8841 0.88695 0.8899 0.892525 0.894925 0.8971 0.89925 0.9011 0.905125 0.908675 0.9129 0.91585 0.91865 0.922975 0.9248 0.927975 0.929475 0.934575 0.938125 0.9415 0.94505 0.946225 0.95035 0.9531 0.956775 0.9591 0.963925 0.97145 0.97335 0.97505 0.98125 0.984575 0.987875 0.990825 0.998875 1.0017 1.000625 1.0009 1.001675 0.999575 0.99775 0.996675
0.807425 0.8109 0.813575 0.81685 0.819525 0.822525 0.82745 0.828475 0.831925 0.835575 0.83815 0.84085 0.844125 0.845475 0.849075 0.8524 0.85575 0.859725 0.8642 0.868125 0.871325 0.87565 0.879325 0.8829 0.884225 0.886675 0.890475 0.893175 0.894975 0.89805 0.89985 0.901425 0.906075 0.909075 0.913325 0.9158 0.91995 0.9231 0.92605 0.9286 0.93025 0.934867 0.938375 0.942725 0.9446 0.947575 0.950825 0.954125 0.95745 0.9593 0.9652 0.9705 0.973875 0.97635 0.981575 0.984225 0.988275 0.9905 0.998175 1.002825 1.0012 1.001675 1.00145 1.000375 0.99905 0.99725
0.807825 0.810775 0.814125 0.8186 0.82035 0.822575 0.826 0.829625 0.8325 0.83525 0.838175 0.841225 0.843775 0.846025 0.8493 0.852425 0.856275 0.86025 0.86515 0.868675 0.87225 0.87715 0.8798 0.8825 0.88515 0.88785 0.891675 0.893975 0.896 0.89835 0.90005 0.902325 0.906375 0.9099 0.9149 0.9169 0.920475 0.92345 0.9267 0.92915 0.931375 0.935925 0.939025 0.943175 0.945675 0.94805 0.95165 0.95485 0.957825 0.95955 0.965825 0.97195 0.9738 0.9775 0.98505 0.9881 0.98655 0.991 1.0031 1.0032 1.00085 1.001025 1.006075 1.0028 1.00015 0.998125
0.808275 0.810975 0.8142 0.817175 0.820225 0.8231 0.82775 0.829175 0.8325 0.835275 0.838225 0.841225 0.844125 0.846625 0.8511 0.85325 0.857375 0.860775 0.8651 0.868725 0.87305 0.87965 0.8808 0.886625 0.885925 0.889775 0.892025 0.894525 0.89595 0.898825 0.900525 0.9031 0.907325 0.90995 0.91635 0.9191 0.920875 0.924625 0.92735 0.9294 0.93315 0.937233 0.939825 0.9437 0.9465 0.948725 0.9525 0.9558 0.9583 0.960425 0.96705 0.973425 0.974625 0.978025 0.987425 0.988725 0.986775 0.991475 1.003225 1.002825 1.0011 1.0031 1.00775 1.005175 1.0033 1.001475
0.80895 0.81155 0.815175 0.81785 0.820875 0.82345 0.82735 0.8315 0.83275 0.83585 0.838875 0.841475 0.844475 0.847525 0.850775 0.855275 0.857425 0.8617 0.8657 0.869625 0.873775 0.87935 0.882075 0.8855 0.886575 0.892275 0.89325 0.895325 0.89715 0.89875 0.90095 0.9048 0.908925 0.9114 0.916725 0.91945 0.9229 0.9252 0.928025 0.929825 0.935425 0.937075 0.941725 0.9437 0.946575 0.949575 0.9527 0.9562 0.958875 0.962325 0.967525 0.97205 0.97265 0.978025 0.987925 0.9918 0.987075 0.9921 1.00395 1.00345 1.002075 1.0058 1.009525 1.00815 1.0066 1.0048
0.808775 0.81175 0.815 0.818125 0.82195 0.8238 0.826475 0.83245 0.833825 0.836625 0.839275 0.842025 0.845425 0.84845 0.85275 0.85575 0.8583 0.8621 0.866125 0.8699 0.8745 0.881125 0.88295 0.886175 0.887875 0.891925 0.89425 0.8956 0.897575 0.89925 0.900975 0.904475 0.908375 0.9116 0.91725 0.919575 0.922675 0.9256 0.928275 0.929925 0.934067 0.9377 0.94365 0.944725 0.946 0.95055 0.9531 0.958375 0.962075 0.964575 0.9684 0.9727 0.974925 0.97845 0.988775 0.9931 0.988 0.993525 1.00525 1.00425 1.00385 1.007975 1.010475 1.0094 1.008325 1.007275
0.80935 0.811925 0.8172 0.81885 0.8219 0.8239 0.82675 0.8312 0.8342 0.836975 0.839875 0.84295 0.8464 0.848975 0.855175 0.855575 0.860625 0.86275 0.866575 0.870525 0.874975 0.88125 0.883625 0.88625 0.888625 0.892725 0.89465 0.8962 0.898 0.90005 0.901425 0.9051 0.908575 0.912725 0.9174 0.91965 0.923725 0.92605 0.928625 0.930375 0.9345 0.938475 0.942725 0.944525 0.947025 0.95005 0.95315 0.96295 0.96725 0.9644 0.965825 0.9722 0.974025 0.978975 0.989675 0.993925 0.9888 0.99515 1.005775 1.004125 1.0025 1.0066 1.01055 1.00945 1.00845 1.00745
