half_wave0.1m.txt
north: 13.2
south: -0.2
east: 43.3
west: 0.05
rows: 134
cols: 432
[rows 29 to 57 of 134, columns 132 to 197 of 432]
0.26085 0.2674 0.27395 0.28105 0.2867 0.294 0.299625 0.306975 0.3123 0.321375 0.328325 0.33425 0.3405 0.345825 0.354075 0.36115 0.3659 0.372975 0.38095 0.387175 0.39235 0.399725 0.40785 0.41205 0.42145 0.42495 0.431875 0.4401 0.446 0.452475 0.457625 0.46455 0.47115 0.477325 0.48455 0.48995 0.497375 0.502975 0.51045 0.517675 0.527325 0.529975 0.53425 0.537375 0.54065 0.543275 0.545467 0.5499 0.55335 0.5551 0.556825 0.563275 0.564675 0.568275 0.569875 0.573875 0.575075 0.5786 0.5826 0.586375 0.589775 0.593175 0.596225 0.6032 0.6077 0.61125
0.2619 0.267875 0.2725 0.281375 0.287425 0.292125 0.30065 0.304125 0.3135 0.320225 0.3291 0.3348 0.3392 0.348425 0.35425 0.360825 0.366425 0.374075 0.3792 0.38805 0.392125 0.400375 0.406075 0.412925 0.420325 0.42565 0.434375 0.43905 0.444725 0.45285 0.457775 0.467475 0.471925 0.47715 0.483575 0.48955 0.497675 0.503875 0.5132 0.519725 0.525225 0.529125 0.534275 0.537775 0.540475 0.542833 0.54545 0.5488 0.552975 0.554875 0.55705 0.561975 0.565 0.568325 0.57135 0.57335 0.57595 0.57975 0.5826 0.58705 0.589375 0.593425 0.600325 0.606925 0.611725 0.615875
0.2607 0.267975 0.274425 0.28205 0.28745 0.29335 0.299825 0.30555 0.3145 0.320475 0.329 0.332575 0.3422 0.3477 0.3549 0.36085 0.365825 0.374175 0.380325 0.387325 0.393575 0.400075 0.4069 0.41345 0.420625 0.425175 0.433025 0.4387 0.446525 0.452775 0.458575 0.46435 0.471525 0.4797 0.48495 0.49045 0.498775 0.504025 0.51135 0.518325 0.525225 0.53025 0.5344 0.537825 0.53985 0.54325 0.54505 0.549325 0.552875 0.555625 0.557475 0.562625 0.5651 0.567275 0.571475 0.572775 0.576875 0.578175 0.58305 0.5868 0.591775 0.59985 0.604825 0.610925 0.6156 0.6217
0.262975 0.268675 0.274775 0.2811 0.2879 0.294125 0.300925 0.305325 0.314025 0.322575 0.329025 0.335325 0.341175 0.3471 0.355375 0.3608 0.366625 0.373575 0.3806 0.38695 0.3938 0.3994 0.406 0.413925 0.4208 0.4262 0.4339 0.439425 0.4471 0.452875 0.46065 0.465825 0.472275 0.479175 0.485125 0.49055 0.4985 0.506275 0.5119 0.5197 0.52575 0.53045 0.534225 0.536875 0.54135 0.5435 0.545175 0.550875 0.5532 0.55585 0.5583 0.562525 0.565225 0.567875 0.569925 0.5754 0.577125 0.579275 0.5848 0.591775 0.5964 0.602725 0.609725 0.614925 0.6191 0.62705
0.26235 0.26875 0.273375 0.281825 0.2883 0.2952 0.301675 0.305475 0.314475 0.32035 0.328875 0.3342 0.341175 0.34815 0.354225 0.36115 0.36535 0.3748 0.3802 0.388175 0.3935 0.400025 0.40895 0.41405 0.4206 0.4265 0.43475 0.441975 0.4466 0.452125 0.458025 0.46535 0.47245 0.47885 0.48515 0.491275 0.497425 0.5055 0.513125 0.52045 0.5273 0.53255 0.53505 0.5363 0.541 0.542375 0.545875 0.5501 0.5535 0.55555 0.5598 0.562475 0.5643 0.567125 0.5721 0.57445 0.5763 0.584425 0.589225 0.596225 0.60135 0.608125 0.61245 0.617725 0.623775 0.629075
0.262125 0.2707 0.27435 0.283675 0.28915 0.2964 0.300975 0.307775 0.31605 0.3233 0.330775 0.334425 0.343375 0.34885 0.354875 0.362825 0.367175 0.3741 0.3813 0.388 0.393525 0.4025 0.4072 0.41495 0.42115 0.4265 0.434025 0.440175 0.4465 0.45185 0.458625 0.46525 0.471375 0.479625 0.484475 0.491625 0.499775 0.5056 0.510975 0.519825 0.52635 0.532 0.5368 0.538075 0.542467 0.543525 0.54545 0.549925 0.551725 0.5542 0.558625 0.5628 0.563875 0.568425 0.573025 0.5743 0.581175 0.5902 0.595125 0.5998 0.605625 0.611725 0.6181 0.6205 0.62785 0.636425
0.263725 0.269225 0.276325 0.282 0.28875 0.29565 0.302325 0.308325 0.31515 0.32225 0.328775 0.33645 0.34285 0.349225 0.356525 0.36195 0.367075 0.3744 0.3807 0.38745 0.395675 0.402675 0.4084 0.414825 0.42115 0.427425 0.4335 0.441825 0.44755 0.453075 0.45895 0.46615 0.472575 0.47775 0.48505 0.492375 0.498725 0.506275 0.513 0.521325 0.52875 0.532575 0.535775 0.539425 0.5412 0.54375 0.54655 0.54995 0.5529 0.555775 0.55915 0.562675 0.56615 0.5699 0.57635 0.580925 0.58795 0.594675 0.59855 0.60415 0.6096 0.616375 0.621525 0.626075 0.634225 0.643075
0.26245 0.2702 0.274325 0.28495 0.289675 0.296425 0.3024 0.30985 0.317175 0.321975 0.329725 0.335675 0.3428 0.35055 0.3566 0.36305 0.36855 0.376525 0.382325 0.388275 0.394325 0.403 0.41035 0.415475 0.421625 0.427075 0.436425 0.439925 0.447875 0.45275 0.4601 0.465475 0.473175 0.47845 0.485475 0.4924 0.499675 0.50545 0.513375 0.520125 0.5276 0.534075 0.535875 0.54 0.541767 0.5446 0.5464 0.549175 0.553025 0.554925 0.559425 0.565825 0.57075 0.575825 0.5794 0.586125 0.59255 0.5972 0.60205 0.607375 0.61225 0.6204 0.62785 0.63165 0.64265 0.6501
0.2632 0.2713 0.27535 0.283925 0.2892 0.2971 0.30325 0.3094 0.3157 0.32385 0.33195 0.336125 0.344275 0.349525 0.356525 0.362875 0.3683 0.377375 0.3824 0.38775 0.39615 0.40375 0.40965 0.415475 0.422425 0.428475 0.435325 0.44135 0.447125 0.45365 0.4591 0.4663 0.472125 0.479925 0.4855 0.492075 0.5001 0.5072 0.513275 0.52125 0.528025 0.5352 0.53765 0.539975 0.5425 0.5439 0.546175 0.55055 0.554975 0.557275 0.5634 0.570125 0.5753 0.579325 0.585975 0.58965 0.594025 0.600875 0.60395 0.60955 0.616325 0.623825 0.63345 0.639025 0.6484 0.6581
0.265325 0.2708 0.2768 0.2842 0.2912 0.298275 0.305075 0.310925 0.3182 0.32455 0.3318 0.3387 0.345275 0.35165 0.3577 0.3633 0.37165 0.376675 0.383025 0.389 0.39665 0.405125 0.411 0.4179 0.422 0.4291 0.4362 0.44295 0.448725 0.45265 0.4585 0.466775 0.473225 0.480075 0.4865 0.491925 0.498825 0.506975 0.5153 0.522225 0.528875 0.535925 0.539375 0.54 0.5436 0.54405 0.548325 0.55475 0.55895 0.561675 0.566125 0.572175 0.5782 0.583925 0.58895 0.593325 0.598125 0.6027 0.60805 0.6148 0.6205 0.627 0.636775 0.648175 0.659 0.665375
0.265425 0.271725 0.277475 0.284075 0.29225 0.2994 0.305025 0.313775 0.3188 0.326575 0.33325 0.3387 0.346325 0.352225 0.35825 0.363675 0.370025 0.3779 0.38535 0.391125 0.398425 0.40465 0.411 0.417475 0.422875 0.429875 0.43705 0.441725 0.4478 0.4539 0.4597 0.467325 0.4723 0.48045 0.486475 0.49335 0.499525 0.507025 0.5141 0.522125 0.530375 0.53595 0.54105 0.5417 0.5429 0.546425 0.553775 0.557725 0.562525 0.566125 0.5711 0.57505 0.5801 0.585975 0.59135 0.5951 0.600725 0.607625 0.613925 0.62015 0.627325 0.6334 0.6466 0.6547 0.665525 0.674825
0.2666 0.2741 0.279 0.285775 0.291725 0.300875 0.30555 0.31395 0.319125 0.3263 0.333825 0.339725 0.34555 0.351575 0.359325 0.364475 0.37265 0.3798 0.386025 0.393975 0.3988 0.40555 0.413425 0.420475 0.4258 0.42985 0.437275 0.442625 0.449825 0.45555 0.46125 0.4675 0.4745 0.481475 0.487025 0.4931 0.500825 0.507875 0.514 0.5233 0.532025 0.536875 0.542275 0.5423 0.546125 0.5502 0.55665 0.559725 0.56515 0.570575 0.57485 0.5783 0.583525 0.58975 0.594675 0.60205 0.605375 0.6125 0.619625 0.626225 0.631675 0.640825 0.65255 0.6644 0.673425 0.6853
0.272725 0.2805 0.2857 0.290775 0.298575 0.30395 0.311175 0.3168 0.323875 0.33095 0.336325 0.343025 0.34935 0.357125 0.3642 0.36905 0.378425 0.38385 0.39115 0.39805 0.404925 0.411625 0.415825 0.4229 0.428025 0.43595 0.443675 0.448975 0.45515 0.46075 0.467825 0.4736 0.480025 0.4869 0.492825 0.498175 0.5065 0.511625 0.51805 0.52815 0.5357 0.54315 0.545225 0.546225 0.54865 0.555925 0.5594 0.564525 0.568725 0.575625 0.577125 0.58305 0.588575 0.591875 0.599275 0.607325 0.60945 0.615975 0.623575 0.632675 0.6376 0.650075 0.6588 0.67165 0.6812 0.692425
0.27905 0.287475 0.2934 0.299475 0.30475 0.3144 0.3177 0.3233 0.329525 0.337475 0.34255 0.34815 0.35435 0.361575 0.3686 0.3743 0.381875 0.388725 0.395325 0.400925 0.407425 0.4135 0.4201 0.4246 0.430875 0.43945 0.448275 0.454575 0.45955 0.467325 0.473875 0.48 0.486525 0.492625 0.4989 0.50605 0.5137 0.520825 0.526375 0.535725 0.541225 0.5451 0.548133 0.548375 0.55165 0.556525 0.560975 0.5681 0.571775 0.576025 0.5818 0.585025 0.592075 0.5969 0.605175 0.609475 0.614575 0.621325 0.63165 0.64115 0.64755 0.65675 0.666775 0.677775 0.686475 0.6987
0.282575 0.2884 0.296425 0.301825 0.311025 0.3169 0.32155 0.3268 0.3323 0.3417 0.347025 0.351375 0.3574 0.364375 0.37085 0.3767 0.384525 0.391475 0.3957 0.402575 0.40925 0.41635 0.4236 0.42935 0.435075 0.443875 0.450675 0.45665 0.463675 0.470275 0.475725 0.484925 0.489375 0.4971 0.504925 0.51505 0.520975 0.528625 0.5329 0.539225 0.54285 0.54695 0.550975 0.55325 0.55755 0.560975 0.564475 0.5704 0.57695 0.581425 0.586025 0.590125 0.59645 0.6022 0.608375 0.614875 0.621575 0.62885 0.63795 0.6468 0.657075 0.667075 0.674725 0.68645 0.69565 0.704675
0.283025 0.288775 0.297025 0.302475 0.31025 0.318 0.322125 0.33 0.3351 0.341925 0.346 0.3519 0.359475 0.364675 0.373625 0.379575 0.385 0.3927 0.400675 0.406725 0.41335 0.420475 0.42545 0.435175 0.440975 0.4486 0.453225 0.459125 0.466225 0.4729 0.47795 0.4863 0.494175 0.501725 0.508725 0.516425 0.525325 0.5328 0.539 0.54325 0.546025 0.55085 0.5539 0.556925 0.558775 0.564425 0.569725 0.57415 0.580625 0.585725 0.59065 0.595275 0.6037 0.60765 0.6139 0.6217 0.627725 0.6366 0.64675 0.65485 0.665375 0.67505 0.684225 0.694875 0.70455 0.711475
0.283175 0.2899 0.297975 0.3045 0.312425 0.318275 0.325425 0.331975 0.336825 0.343575 0.347025 0.3537 0.360125 0.368475 0.374775 0.3804 0.3896 0.395175 0.4023 0.4099 0.41815 0.4229 0.428575 0.43595 0.444925 0.451475 0.456375 0.4621 0.4694 0.47515 0.4816 0.48825 0.494325 0.5015 0.509625 0.519075 0.5283 0.5363 0.541725 0.543275 0.5472 0.5565 0.557525 0.560825 0.5654 0.56935 0.5737 0.578525 0.5854 0.5905 0.594875 0.601825 0.60845 0.611775 0.61855 0.62745 0.63335 0.642575 0.654725 0.664725 0.67505 0.684175 0.69415 0.7022 0.7116 0.720025
0.286025 0.29445 0.3013 0.30465 0.31265 0.319425 0.328475 0.333425 0.34075 0.345575 0.351625 0.35775 0.36355 0.36995 0.37745 0.38415 0.392475 0.3971 0.4047 0.412075 0.418175 0.4256 0.432075 0.43955 0.4467 0.451675 0.46 0.4685 0.472075 0.478725 0.48645 0.491525 0.49855 0.506225 0.5125 0.522025 0.52995 0.537725 0.542725 0.54395 0.550975 0.555967 0.56315 0.56665 0.570025 0.574625 0.5788 0.5834 0.59045 0.59585 0.601 0.60685 0.611475 0.616725 0.6246 0.633525 0.6413 0.650175 0.662075 0.67465 0.6843 0.6917 0.70005 0.709475 0.720425 0.727475
0.29145 0.2978 0.302775 0.308475 0.315725 0.32065 0.32715 0.333725 0.341025 0.347125 0.353725 0.35885 0.36585 0.3703 0.379825 0.387075 0.3927 0.399825 0.407225 0.414225 0.4209 0.427425 0.4351 0.44305 0.450225 0.457825 0.46505 0.471775 0.478375 0.48355 0.49105 0.496725 0.503175 0.510875 0.517525 0.523775 0.531675 0.540175 0.541975 0.546625 0.55435 0.55945 0.563825 0.570975 0.576075 0.579625 0.585825 0.590925 0.5977 0.598775 0.605275 0.610675 0.6186 0.622325 0.63175 0.63965 0.6492 0.66055 0.66995 0.681375 0.690625 0.6985 0.708425 0.718225 0.727425 0.730925
0.291575 0.298175 0.305675 0.312875 0.3184 0.323675 0.3297 0.335 0.344325 0.34975 0.3553 0.361325 0.367275 0.3746 0.38015 0.389725 0.39505 0.4036 0.409075 0.418125 0.425075 0.43325 0.438925 0.445275 0.451125 0.458825 0.4672 0.474 0.480625 0.48755 0.4942 0.500975 0.5063 0.51375 0.520325 0.5279 0.53445 0.541625 0.544825 0.551675 0.5597 0.565333 0.5696 0.57445 0.5817 0.58605 0.590375 0.595 0.602775 0.60525 0.61105 0.614725 0.623125 0.6289 0.6384 0.6477 0.6573 0.667175 0.679875 0.68715 0.69875 0.706975 0.715 0.727025 0.731375 0.73365
0.29375 0.30115 0.306275 0.31535 0.319575 0.327025 0.331425 0.33645 0.34745 0.3508 0.358325 0.363925 0.3717 0.377575 0.38425 0.3917 0.397725 0.40645 0.411125 0.420425 0.42695 0.4351 0.44385 0.449325 0.45575 0.46285 0.470825 0.478725 0.48415 0.489775 0.4999 0.50455 0.510925 0.51805 0.5256 0.532075 0.53985 0.543675 0.54835 0.556875 0.5628 0.56665 0.5735 0.578425 0.583575 0.591125 0.595275 0.6011 0.6039 0.6079 0.6142 0.62065 0.6285 0.63705 0.6474 0.656325 0.66705 0.675475 0.686625 0.698075 0.706625 0.7148 0.72305 0.729425 0.7329 0.737075
0.295125 0.302375 0.308625 0.316025 0.32205 0.32905 0.334475 0.342275 0.347525 0.3553 0.362075 0.3667 0.374125 0.382525 0.387925 0.39475 0.402375 0.40815 0.414725 0.424025 0.430675 0.43835 0.446875 0.454075 0.4598 0.46685 0.4755 0.482325 0.48835 0.4974 0.503575 0.509675 0.51555 0.520525 0.529075 0.5371 0.540925 0.546125 0.5547 0.5592 0.565467 0.568675 0.5756 0.57985 0.5877 0.59315 0.601375 0.603675 0.6088 0.613225 0.620875 0.62775 0.634575 0.6443 0.655725 0.66665 0.674975 0.68575 0.694125 0.706075 0.713325 0.72235 0.72915 0.7322 0.737825 0.741325
0.29925 0.3051 0.31425 0.320225 0.325725 0.332575 0.336725 0.345075 0.34935 0.3582 0.363975 0.369825 0.378575 0.384225 0.39165 0.39905 0.407025 0.41245 0.419425 0.42665 0.435225 0.44215 0.450075 0.4561 0.4632 0.47055 0.478875 0.486275 0.492875 0.500675 0.504675 0.512525 0.51795 0.524225 0.532775 0.540225 0.544975 0.549675 0.559975 0.563925 0.570875 0.57355 0.57705 0.584275 0.592025 0.59815 0.60445 0.607775 0.61235 0.618325 0.62745 0.6329 0.639725 0.654275 0.664375 0.674675 0.684925 0.692625 0.70085 0.71285 0.7206 0.728325 0.731575 0.736575 0.74265 0.74625
0.30265 0.308625 0.31695 0.32385 0.328775 0.3339 0.3406 0.34745 0.354175 0.359975 0.365425 0.37355 0.38185 0.387925 0.394725 0.402675 0.408775 0.415175 0.4227 0.42865 0.438125 0.4471 0.4533 0.45995 0.46855 0.47555 0.483075 0.4892 0.4949 0.503 0.510325 0.515075 0.52125 0.529475 0.5379 0.540825 0.547225 0.55665 0.561475 0.56745 0.5735 0.57625 0.581525 0.58825 0.59495 0.601025 0.6062 0.61125 0.615575 0.623975 0.632325 0.638375 0.648525 0.660575 0.67125 0.6826 0.69295 0.701775 0.710525 0.7205 0.728275 0.731075 0.735175 0.739675 0.7443 0.748975
0.30215 0.309425 0.318925 0.32495 0.331125 0.3363 0.3449 0.350475 0.356125 0.362425 0.36875 0.3777 0.38445 0.3923 0.398275 0.405925 0.4126 0.419675 0.4259 0.43445 0.4426 0.450025 0.4573 0.4662 0.4717 0.478625 0.48545 0.4937 0.500275 0.50695 0.5128 0.520125 0.525775 0.533575 0.539375 0.5453 0.554325 0.559525 0.564875 0.56995 0.574725 0.581175 0.587375 0.593425 0.59825 0.605575 0.610375 0.615775 0.622075 0.6283 0.6369 0.64725 0.6582 0.66775 0.681375 0.691475 0.702125 0.710775 0.72005 0.7284 0.732275 0.7345 0.739425 0.745375 0.74935 0.756725
0.3047 0.312075 0.32035 0.327275 0.33435 0.340525 0.346925 0.35385 0.35925 0.3647 0.372525 0.379725 0.387475 0.3942 0.4024 0.40955 0.4164 0.423075 0.428975 0.43895 0.44665 0.4521 0.4603 0.4687 0.474175 0.4828 0.488775 0.49805 0.505325 0.511975 0.51655 0.523425 0.52915 0.53775 0.5416 0.54755 0.557275 0.563775 0.5696 0.575033 0.578 0.58365 0.59145 0.59665 0.601725 0.606975 0.61435 0.618875 0.62775 0.634925 0.642575 0.654025 0.66475 0.67725 0.68705 0.696975 0.7086 0.71875 0.725775 0.73135 0.73485 0.737625 0.741725 0.7481 0.7543 0.75855
0.305825 0.31495 0.321275 0.3304 0.335025 0.343775 0.34805 0.35535 0.36235 0.36785 0.3773 0.3841 0.3918 0.397975 0.404525 0.4131 0.4194 0.42605 0.434075 0.442075 0.449925 0.45525 0.46195 0.47175 0.479075 0.4864 0.493025 0.50075 0.5078 0.51385 0.521075 0.5279 0.5347 0.54095 0.5466 0.55355 0.55935 0.56665 0.574075 0.57725 0.582175 0.588725 0.59645 0.601525 0.605775 0.610825 0.61905 0.625475 0.63225 0.642375 0.6509 0.66095 0.67135 0.685175 0.69465 0.703375 0.715975 0.726125 0.731475 0.735625 0.737325 0.7409 0.747525 0.753025 0.757125 0.758425
0.307475 0.317075 0.32385 0.331025 0.337025 0.3461 0.3496 0.359025 0.365275 0.3725 0.380225 0.387825 0.394175 0.402525 0.409375 0.415075 0.423475 0.42855 0.4381 0.4463 0.45425 0.459825 0.466875 0.4758 0.482625 0.490275 0.4973 0.5049 0.512075 0.5174 0.524675 0.53285 0.538225 0.5444 0.54965 0.556125 0.564675 0.572425 0.576025 0.5808 0.587325 0.59155 0.599525 0.606475 0.610175 0.61625 0.623775 0.632175 0.639525 0.650225 0.6627 0.6707 0.681425 0.692475 0.702725 0.71345 0.722625 0.730025 0.734425 0.740575 0.741175 0.74525 0.75105 0.7564 0.75655 0.7566
0.3112 0.318425 0.32635 0.333125 0.33915 0.347325 0.35275 0.360225 0.366725 0.3747 0.383725 0.3937 0.397625 0.406025 0.4122 0.4209 0.426 0.4348 0.44155 0.4512 0.458075 0.465125 0.472 0.4777 0.48595 0.4931 0.5017 0.5102 0.51525 0.523125 0.530525 0.535825 0.541475 0.5464 0.5527 0.561825 0.568175 0.574625 0.578325 0.583675 0.589775 0.596425 0.60425 0.6087 0.6164 0.622475 0.63055 0.638925 0.64895 0.660325 0.672225 0.681075 0.68955 0.7004 0.71275 0.724 0.730825 0.734325 0.73875 0.741225 0.74615 0.749725 0.7553 0.755425 0.75615 0.75735
