half_wave0.1m.txt
north: 13.2
south: -0.2
east: 43.3
west: 0.05
rows: 134
cols: 432
[rows 0 to 28 of 134, columns 198 to 263 of 432]
0.60685 0.61105 0.6122 0.61735 0.617975 0.62195 0.625425 0.6291 0.6308 0.634875 0.636825 0.639375 0.64375 0.645175 0.648475 0.652775 0.6535 0.65795 0.6605 0.6651 0.6673 0.6702 0.6754 0.677725 0.6806 0.684575 0.68665 0.69105 0.69415 0.695925 0.699925 0.7036 0.70505 0.71125 0.712225 0.7165 0.718825 0.722125 0.72875 0.7292 0.733625 0.73475 0.73855 0.741175 0.746075 0.7471 0.7502 0.75485 0.761675 0.7699 0.765875 0.765775 0.769525 0.77095 0.773375 0.77665 0.7797 0.783325 0.78812 0.791025 0.7957 0.7966 0.8029 0.80355 0.806025 0.80932
0.605825 0.611 0.61225 0.6166 0.618225 0.6226 0.624225 0.6277 0.6327 0.633375 0.637775 0.64055 0.642375 0.648325 0.6492 0.653225 0.654125 0.6571 0.66175 0.664075 0.6697 0.67315 0.67465 0.68005 0.6814 0.686275 0.688175 0.689925 0.6942 0.69555 0.700725 0.704625 0.70605 0.710975 0.712675 0.718775 0.719275 0.723125 0.726525 0.731075 0.733075 0.737525 0.740075 0.742975 0.74795 0.749975 0.755825 0.76435 0.76715 0.7663 0.76615 0.76658 0.76935 0.7731 0.77574 0.778925 0.782925 0.785425 0.788475 0.79195 0.7954 0.7982 0.801975 0.804925 0.807375 0.811325
0.6079 0.609625 0.612575 0.6147 0.6201 0.621275 0.6256 0.627275 0.632025 0.633975 0.637125 0.64085 0.644725 0.647375 0.649 0.652075 0.65495 0.658025 0.66165 0.663775 0.66785 0.671 0.6741 0.679025 0.6805 0.68425 0.68815 0.6895 0.69285 0.696025 0.700225 0.70265 0.706425 0.7099 0.714475 0.716325 0.719875 0.72275 0.72675 0.732325 0.733575 0.73945 0.745225 0.747875 0.75276 0.758 0.764075 0.76832 0.765875 0.76445 0.7654 0.76735 0.769125 0.774475 0.7767 0.7795 0.782325 0.78545 0.788825 0.793 0.79565 0.798467 0.801475 0.805275 0.80785 0.813
0.607875 0.61075 0.612 0.615925 0.6182 0.622125 0.625775 0.6295 0.62955 0.6332 0.636125 0.641975 0.643575 0.64595 0.65045 0.6516 0.654475 0.65795 0.6597 0.66335 0.668225 0.673275 0.67445 0.67705 0.680175 0.683175 0.688325 0.69155 0.69305 0.6984 0.699175 0.704175 0.707175 0.7096 0.713375 0.71645 0.7213 0.7257 0.72875 0.7347 0.73925 0.7476 0.75165 0.75615 0.76015 0.7669 0.7693 0.765925 0.765275 0.763525 0.763775 0.7675 0.76865 0.774425 0.775725 0.779225 0.7822 0.78655 0.78875 0.7932 0.795075 0.799525 0.801275 0.805625 0.8079 0.8107
0.605 0.609725 0.611175 0.614875 0.6171 0.6224 0.624 0.629275 0.630675 0.632825 0.63705 0.63945 0.643275 0.64575 0.64945 0.651775 0.653625 0.656625 0.659775 0.66465 0.66665 0.67125 0.6739 0.676575 0.681025 0.68315 0.6873 0.689425 0.69275 0.698125 0.69986 0.70525 0.708675 0.71102 0.71715 0.7199 0.726825 0.730875 0.736025 0.741025 0.7476 0.75055 0.7564 0.7642 0.7651 0.769625 0.767775 0.764375 0.765175 0.762725 0.7635 0.767875 0.7683 0.77175 0.776925 0.778775 0.781925 0.7853 0.7888 0.792075 0.795933 0.79845 0.801075 0.8043 0.80755 0.810375
0.605375 0.609725 0.61125 0.615625 0.618625 0.6214 0.625475 0.628125 0.631425 0.63255 0.636025 0.638925 0.643075 0.6466 0.648325 0.65205 0.65355 0.65815 0.661125 0.663125 0.6667 0.669575 0.67555 0.67836 0.680325 0.68475 0.6878 0.691025 0.694325 0.6984 0.70105 0.706025 0.710575 0.71135 0.720175 0.7274 0.732375 0.7355 0.741725 0.745725 0.752825 0.754625 0.76035 0.768925 0.77105 0.76935 0.768775 0.7637 0.76245 0.763425 0.7628 0.76575 0.76915 0.772125 0.775775 0.778575 0.7817 0.785025 0.79055 0.792475 0.796575 0.798575 0.800425 0.803325 0.806475 0.809475
0.604675 0.607575 0.6126 0.616575 0.617575 0.621275 0.62495 0.626875 0.630725 0.632725 0.635625 0.64065 0.64255 0.646325 0.6483 0.6513 0.65442 0.658175 0.661 0.66398 0.669775 0.671425 0.675425 0.678825 0.68125 0.687025 0.6876 0.69175 0.69385 0.6975 0.702925 0.7047 0.710725 0.717475 0.72445 0.7307 0.73545 0.739225 0.744975 0.7497 0.75635 0.7592 0.764475 0.77015 0.7713 0.76815 0.765975 0.7658 0.761725 0.763625 0.76445 0.7652 0.770425 0.7714 0.7753 0.778725 0.7817 0.784975 0.7892 0.792475 0.799233 0.798725 0.8007 0.803225 0.808 0.8096
0.605925 0.608825 0.611525 0.61575 0.61715 0.62165 0.6236 0.629775 0.631475 0.63444 0.637 0.6422 0.6436 0.6482 0.6509 0.652425 0.655275 0.6596 0.6611 0.6639 0.66975 0.67105 0.677225 0.678425 0.681025 0.685475 0.687175 0.69155 0.69405 0.6974 0.70305 0.707575 0.71665 0.722425 0.72805 0.733 0.7371 0.74185 0.7482 0.7521 0.7595 0.766525 0.76875 0.770925 0.7698 0.767625 0.76535 0.7629 0.762425 0.761975 0.762925 0.7651 0.76805 0.77275 0.7748 0.77865 0.781275 0.784425 0.789875 0.791725 0.795575 0.798575 0.803675 0.80395 0.806525 0.81005
0.604975 0.60905 0.612 0.617325 0.621975 0.62238 0.625775 0.630475 0.632025 0.635 0.6375 0.642875 0.644175 0.647725 0.65045 0.651725 0.6563 0.657775 0.661 0.664275 0.66755 0.67255 0.6751 0.67865 0.682525 0.683925 0.688825 0.6931 0.694475 0.699425 0.7072 0.7169 0.723025 0.726575 0.733 0.73665 0.742875 0.7471 0.754725 0.75845 0.76675 0.769525 0.76895 0.76835 0.7693 0.767175 0.765025 0.7632 0.76195 0.762975 0.762625 0.767275 0.76795 0.773525 0.77475 0.778625 0.7816 0.7845 0.788075 0.791233 0.79475 0.801075 0.8022 0.803825 0.8067 0.81015
0.607825 0.61125 0.612975 0.6176 0.623025 0.6229 0.62625 0.629675 0.632325 0.63545 0.6373 0.64075 0.645375 0.6478 0.6502 0.6525 0.654825 0.658725 0.660475 0.66445 0.667525 0.6709 0.67405 0.67875 0.6808 0.683125 0.688875 0.6908 0.696625 0.705225 0.71555 0.720675 0.725375 0.730375 0.735575 0.74105 0.746525 0.751875 0.75935 0.767075 0.768425 0.769875 0.767225 0.7672 0.76735 0.768475 0.76615 0.763675 0.76155 0.763425 0.7621 0.766975 0.768325 0.7735 0.774925 0.778475 0.781875 0.78505 0.788425 0.792425 0.794625 0.79935 0.800875 0.803425 0.80645 0.810075
0.60595 0.61105 0.61415 0.617375 0.620875 0.623925 0.628 0.6293 0.633125 0.634875 0.63875 0.64055 0.6448 0.646875 0.649975 0.6518 0.654875 0.65845 0.6601 0.66345 0.6686 0.6698 0.673575 0.677475 0.681175 0.683775 0.6867 0.691975 0.705525 0.7105 0.721525 0.72515 0.7284 0.732775 0.740525 0.745775 0.75125 0.754975 0.76355 0.7699 0.769825 0.7664 0.76485 0.76565 0.76685 0.767625 0.76685 0.764425 0.762375 0.761525 0.763975 0.767425 0.7686 0.771575 0.775725 0.778175 0.78175 0.787225 0.788275 0.793867 0.79455 0.7977 0.8031 0.8046 0.8067 0.809875
0.606475 0.61025 0.614675 0.616025 0.6219 0.623375 0.626825 0.629975 0.63155 0.6341 0.63875 0.64135 0.643175 0.6475 0.6487 0.653425 0.654075 0.6573 0.661325 0.664425 0.66705 0.6693 0.67505 0.6766 0.681675 0.68425 0.69135 0.7008 0.711325 0.72045 0.726075 0.731775 0.73455 0.7371 0.74315 0.7492 0.7542 0.760375 0.768575 0.7681 0.767175 0.766875 0.7639 0.7674 0.76635 0.766625 0.76565 0.7655 0.7629 0.761825 0.764325 0.76515 0.770275 0.771425 0.774975 0.7783 0.781825 0.784975 0.788675 0.79085 0.7953 0.797275 0.80065 0.80355 0.80845 0.80945
0.607375 0.6097 0.614 0.617175 0.621525 0.62325 0.627575 0.62955 0.631825 0.634825 0.637325 0.6414 0.64445 0.647875 0.648775 0.652375 0.655375 0.65725 0.66 0.6631 0.666575 0.67045 0.673325 0.67865 0.684025 0.691975 0.70185 0.711675 0.72 0.725525 0.728825 0.734775 0.7392 0.741725 0.74775 0.7534 0.76085 0.7664 0.76915 0.7675 0.76585 0.7667 0.764925 0.7652 0.76595 0.766425 0.76535 0.765225 0.7633 0.7626 0.762725 0.766825 0.770075 0.77175 0.7769 0.778325 0.781575 0.785175 0.788367 0.79115 0.796075 0.797525 0.800475 0.803525 0.806875 0.80925
0.60645 0.611075 0.6141 0.61885 0.620075 0.624925 0.6263 0.629825 0.632425 0.6356 0.6374 0.641025 0.64435 0.646425 0.65135 0.65175 0.655575 0.6585 0.660425 0.6635 0.667875 0.670375 0.674275 0.6811 0.688975 0.698175 0.709075 0.7209 0.725125 0.72965 0.733475 0.73865 0.744775 0.7486 0.752525 0.759825 0.765225 0.7695 0.77065 0.766125 0.7645 0.764425 0.7666 0.76495 0.76595 0.7666 0.76535 0.76515 0.7655 0.763 0.76315 0.767425 0.77035 0.771825 0.77515 0.778325 0.78125 0.786 0.78875 0.791375 0.794725 0.7977 0.80045 0.8035 0.806325 0.80945
0.607275 0.61025 0.614625 0.6172 0.621475 0.623425 0.6278 0.62955 0.6316 0.634025 0.63845 0.6408 0.643725 0.64695 0.65035 0.652325 0.6574 0.65945 0.660575 0.6647 0.66735 0.6713 0.678625 0.68795 0.699425 0.7073 0.71865 0.727775 0.7279 0.732225 0.7374 0.743725 0.74805 0.75205 0.757175 0.76805 0.7682 0.76795 0.766125 0.7659 0.764325 0.76445 0.765275 0.7654 0.76905 0.766925 0.766175 0.76615 0.766675 0.764475 0.764275 0.76885 0.7698 0.77475 0.77565 0.77845 0.781475 0.7848 0.790333 0.7915 0.7947 0.800275 0.8007 0.803475 0.806525 0.80905
0.608 0.61015 0.6154 0.61695 0.6208 0.623025 0.627275 0.6304 0.63195 0.6357 0.639175 0.6403 0.644675 0.647875 0.649025 0.6524 0.656125 0.65895 0.660875 0.6652 0.6687 0.67755 0.684475 0.695975 0.71095 0.7185 0.725825 0.730025 0.73195 0.7372 0.740225 0.748675 0.751625 0.75805 0.764125 0.7693 0.769275 0.76615 0.764425 0.763275 0.764825 0.764225 0.764225 0.766 0.767 0.768275 0.766575 0.766025 0.76685 0.7664 0.764425 0.767125 0.77085 0.7729 0.775725 0.77865 0.7816 0.784675 0.7882 0.7928 0.79485 0.79805 0.80115 0.806 0.807025 0.809625
0.6068 0.609875 0.61475 0.616575 0.6204 0.6234 0.62725 0.6291 0.631925 0.6354 0.6374 0.641825 0.64435 0.646675 0.650025 0.65325 0.65495 0.658525 0.660925 0.668275 0.676475 0.686075 0.6926 0.707475 0.71685 0.72575 0.7284 0.731875 0.735775 0.74085 0.746775 0.751325 0.756575 0.766 0.768975 0.768675 0.765375 0.7652 0.7636 0.763375 0.76425 0.76555 0.76325 0.76415 0.766 0.764875 0.76605 0.765225 0.7653 0.764 0.765875 0.76695 0.771825 0.773175 0.775975 0.778525 0.781325 0.7842 0.788825 0.7927 0.794775 0.799575 0.800675 0.803625 0.807775 0.80915
0.6064 0.611 0.61215 0.61785 0.6208 0.62175 0.624825 0.628175 0.631075 0.635175 0.637125 0.64145 0.643175 0.64745 0.65075 0.651675 0.65765 0.662 0.667525 0.676575 0.6859 0.696125 0.702825 0.71595 0.721175 0.729125 0.73325 0.737525 0.74005 0.745875 0.750175 0.75635 0.760775 0.767375 0.766425 0.7651 0.763775 0.763175 0.763425 0.76315 0.7636 0.7646 0.76495 0.7632 0.76335 0.764025 0.764075 0.76535 0.7652 0.763775 0.7647 0.767425 0.7712 0.773 0.777525 0.778225 0.78105 0.784275 0.788225 0.791675 0.79515 0.79795 0.802475 0.80355 0.806975 0.80925
0.605825 0.610425 0.612325 0.615025 0.619075 0.622275 0.626125 0.628225 0.631025 0.6333 0.636625 0.63965 0.6443 0.6468 0.6493 0.6522 0.659775 0.6671 0.6762 0.685075 0.69515 0.70255 0.713925 0.72345 0.728525 0.731875 0.736725 0.74015 0.744225 0.750125 0.754425 0.761375 0.765675 0.767575 0.7643 0.762925 0.762525 0.763 0.7625 0.762975 0.7632 0.76275 0.763075 0.762975 0.762925 0.762825 0.7643 0.76625 0.7652 0.7634 0.763575 0.766575 0.76955 0.7727 0.775875 0.7779 0.78215 0.784533 0.78965 0.7915 0.79675 0.798125 0.801775 0.803275 0.8062 0.80905
0.6065 0.609075 0.61395 0.6165 0.619875 0.620925 0.62515 0.629225 0.631475 0.63425 0.636775 0.64075 0.645025 0.646125 0.6519 0.658025 0.668075 0.67675 0.68415 0.692675 0.704 0.7098 0.722775 0.728175 0.732325 0.736075 0.740825 0.744325 0.748475 0.753875 0.760275 0.766725 0.765175 0.764075 0.762775 0.76125 0.76165 0.761875 0.762325 0.76245 0.76335 0.7629 0.762275 0.764125 0.762925 0.762625 0.764775 0.76425 0.766575 0.762775 0.763375 0.76645 0.769675 0.7735 0.775425 0.7783 0.781125 0.7841 0.787775 0.792925 0.7959 0.798225 0.80185 0.803575 0.806 0.8085
0.606075 0.609125 0.614825 0.615725 0.6185 0.621875 0.625825 0.6291 0.6311 0.633575 0.63725 0.642 0.64395 0.65 0.658 0.662275 0.674225 0.6861 0.69415 0.704425 0.71305 0.721375 0.728075 0.7323 0.73535 0.739125 0.74305 0.7474 0.7535 0.75845 0.7647 0.76415 0.7641 0.760825 0.76045 0.760575 0.761175 0.76125 0.762925 0.761875 0.7633 0.76265 0.761975 0.76125 0.761675 0.762325 0.763275 0.764625 0.763275 0.762375 0.763175 0.76695 0.7693 0.7741 0.775575 0.7784 0.7809 0.784775 0.7876 0.792375 0.79655 0.7984 0.800825 0.8061 0.805975 0.80845
0.6063 0.6113 0.612675 0.617325 0.618425 0.623025 0.625 0.62915 0.63115 0.6334 0.63655 0.642925 0.648825 0.655725 0.665 0.6713 0.683025 0.694375 0.70505 0.713975 0.720825 0.7253 0.733075 0.734775 0.740725 0.743325 0.74825 0.75325 0.76015 0.7634 0.765625 0.7641 0.760675 0.761375 0.759925 0.760025 0.761325 0.76075 0.7611 0.76375 0.762775 0.763175 0.7621 0.7613 0.763325 0.76185 0.7629 0.7651 0.7631 0.76355 0.763925 0.765625 0.7705 0.7728 0.776825 0.7788 0.78145 0.7866 0.7878 0.792575 0.7948 0.798575 0.8008 0.803575 0.80635 0.808125
0.607375 0.609975 0.6138 0.616575 0.620975 0.6224 0.625775 0.62925 0.631275 0.633825 0.641925 0.6502 0.65745 0.664175 0.671875 0.681075 0.691 0.70055 0.71265 0.71965 0.729075 0.73085 0.737025 0.739025 0.7449 0.746675 0.75315 0.7579 0.763575 0.76315 0.761975 0.76075 0.761975 0.759925 0.761 0.75935 0.759425 0.762275 0.761175 0.762025 0.762825 0.7635 0.762475 0.761475 0.76155 0.7623 0.762875 0.76365 0.764825 0.762 0.763125 0.76585 0.769675 0.772325 0.7763 0.779225 0.7823 0.7846 0.788 0.790775 0.79595 0.798125 0.80065 0.8032 0.80575 0.8081
0.607475 0.609775 0.61285 0.616525 0.6194 0.621425 0.626575 0.629725 0.63345 0.6393 0.6491 0.655725 0.662425 0.672525 0.6794 0.688875 0.700975 0.708325 0.721025 0.726775 0.7327 0.734075 0.738225 0.74295 0.747 0.750625 0.7583 0.763525 0.76365 0.761925 0.7606 0.759725 0.759825 0.75985 0.7592 0.760225 0.759675 0.761275 0.761775 0.762425 0.764925 0.7626 0.76245 0.76205 0.76165 0.7614 0.764275 0.763475 0.762925 0.762925 0.766 0.76635 0.769725 0.7732 0.778025 0.779425 0.78195 0.785225 0.788475 0.791325 0.795325 0.798675 0.8008 0.803425 0.8054 0.80785
0.60675 0.612025 0.61385 0.6169 0.61975 0.6231 0.62665 0.631375 0.6399 0.649375 0.6579 0.663325 0.672075 0.6797 0.687125 0.698525 0.706725 0.7141 0.724525 0.730375 0.7355 0.73645 0.740625 0.74455 0.74975 0.7541 0.76255 0.765475 0.76255 0.76105 0.761125 0.759625 0.75945 0.7616 0.758525 0.75935 0.759775 0.761975 0.762025 0.7623 0.76325 0.76395 0.7629 0.76265 0.7618 0.761525 0.76395 0.762875 0.76315 0.7629 0.764025 0.768225 0.769625 0.77305 0.776925 0.779767 0.78205 0.784825 0.7878 0.7918 0.79515 0.798375 0.80215 0.80305 0.80645 0.8078
0.607875 0.61075 0.61355 0.617675 0.618425 0.62535 0.6321 0.63975 0.64875 0.65555 0.663475 0.670225 0.679625 0.68835 0.69675 0.70555 0.713625 0.7238 0.731875 0.734425 0.7366 0.739575 0.744525 0.7474 0.7512 0.760375 0.76585 0.763425 0.761875 0.759975 0.759375 0.760275 0.759175 0.75895 0.758675 0.75875 0.761325 0.761875 0.7637 0.76225 0.762475 0.7638 0.762075 0.762025 0.7619 0.7619 0.763825 0.763225 0.763475 0.764025 0.76465 0.767625 0.769925 0.774325 0.77705 0.78035 0.782575 0.785275 0.78845 0.7917 0.795325 0.79895 0.8 0.80255 0.805425 0.808025
0.608575 0.611025 0.6139 0.617325 0.623975 0.629625 0.63855 0.647125 0.65535 0.663125 0.671725 0.6776 0.6863 0.696825 0.704175 0.7154 0.723425 0.730375 0.735175 0.736825 0.7395 0.7422 0.747825 0.7514 0.7569 0.7611 0.7634 0.7614 0.760225 0.759625 0.759325 0.7603 0.759275 0.758775 0.75985 0.759425 0.760675 0.76205 0.762525 0.7641 0.761925 0.76175 0.7622 0.76205 0.76355 0.7616 0.763025 0.765525 0.7646 0.763925 0.766025 0.768325 0.770375 0.775475 0.777575 0.7806 0.782825 0.78575 0.7887 0.7922 0.794825 0.798575 0.8001 0.80245 0.805325 0.8083
0.6082 0.61105 0.6167 0.62135 0.6277 0.63515 0.6455 0.656 0.663425 0.669075 0.676475 0.685975 0.694125 0.703175 0.71385 0.72405 0.7299 0.731525 0.73615 0.740525 0.74225 0.7465 0.7495 0.754525 0.76015 0.76245 0.763025 0.760875 0.760525 0.759 0.759 0.7589 0.75965 0.7588 0.7597 0.7602 0.76095 0.76225 0.762625 0.7631 0.761825 0.7614 0.76335 0.762375 0.764375 0.762825 0.76365 0.7651 0.7656 0.764375 0.765125 0.7686 0.7711 0.7752 0.77705 0.7799 0.782775 0.787475 0.788875 0.793275 0.794775 0.79755 0.80015 0.80265 0.80555 0.8087
0.6136 0.6175 0.622375 0.6263 0.63345 0.644725 0.651575 0.6648 0.669925 0.6776 0.684 0.693175 0.702425 0.70975 0.7211 0.7277 0.730875 0.734975 0.739075 0.7431 0.745575 0.748775 0.7544 0.76115 0.7633 0.765075 0.762375 0.75925 0.758525 0.759025 0.760975 0.759275 0.7592 0.7603 0.75915 0.76065 0.76195 0.764475 0.7627 0.7625 0.761625 0.76165 0.7623 0.764375 0.76245 0.763125 0.7653 0.76735 0.76585 0.76455 0.765875 0.768325 0.77065 0.774025 0.777133 0.78 0.782775 0.7879 0.78895 0.792925 0.795 0.797325 0.80035 0.803675 0.80585 0.808725
